2
5
11
17
23
31
41
47
59
67
73
83
97
103
109
127
137
149
157
167
179
191
197
211
227
233
241
257
269
277
283
307
313
331
347
353
367
379
389
401
419
431
439
449
461
467
487
499
509
523
547
563
571
587
599
607
617
631
643
653
661
677
691
709
727
739
751
761
773
797
811
823
829
853
859
877
883
907
919
937
947
967
977
991
1009
1019
1031
1039
1051
1063
1087
1093
1103
1117
1129
1153
1171
1187
1201
1217
1229
1237
1259
1279
1289
1297
1303
1319
1327
1367
1381
1409
1427
1433
1447
1453
1471
1483
1489
1499
1523
1543
1553
1567
1579
1597
1607
1613
1621
1637
1663
1669
1697
1709
1723
1741
1753
1777
1787
1801
1823
1847
1867
1873
1879
1901
1913
1933
1951
1979
1993
1999
2011
2027
2039
2063
2081
2087
2099
2113
2131
2141
2153
2179
2207
2221
2239
2251
2269
2281
2293
2309
2333
2341
2351
2371
2381
2389
2399
2417
2437
2447
2467
2477
2521
2539
2549
2557
2591
2609
2621
2647
2659
2671
2683
2689
2699
2711
2719
2731
2749
2767
2789
2797
2803
2833
2843
2857
2879
2897
2909
2927
2953
2963
2971
3001
3019
3037
3049
3067
3083
3109
3121
3163
3169
3187
3203
3217
3229
3253
3259
3299
3307
3319
3329
3343
3359
3371
3389
3407
3433
3457
3463
3469
3499
3517
3529
3539
3547
3559
3581
3593
3613
3623
3637
3659
3673
3691
3701
3719
3733
3761
3769
3793
3803
3823
3847
3853
3877
3889
3911
3919
3929
3943
3967
4001
4007
4019
4027
4051
4073
4091
4099
4127
4133
4153
4159
4201
4217
4229
4241
4253
4261
4273
4289
4327
4339
4357
4373
4397
4421
4441
4451
4463
4483
4507
4517
4523
4549
4567
4591
4603
4637
4643
4651
4663
4679
4703
4723
4733
4759
4787
4793
4801
4817
4861
4877
4903
4919
4933
4943
4957
4969
4987
4999
5009
5021
5039
5059
5081
5099
5107
5119
5153
5171
5189
5209
5231
5237
5273
5281
5303
5323
5347
5381
5393
5407
5417
5431
5441
5449
5477
5483
5503
5519
5527
5557
5569
5581
5623
5641
5651
5657
5669
5689
5701
5717
5741
5749
5783
5801
5813
5827
5843
5851
5861
5869
5881
5903
5927
5953
5987
6011
6037
6047
6067
6079
6091
6113
6131
6143
6163
6197
6203
6217
6229
6257
6269
6277
6299
6311
6323
6337
6353
6361
6373
6389
6421
6449
6469
6481
6521
6547
6553
6569
6577
6599
6619
6653
6661
6679
6691
6703
6719
6737
6763
6781
6793
6823
6829
6841
6863
6871
6899
6911
6947
6959
6967
6977
6991
7001
7019
7039
7057
7079
7109
7127
7151
7177
7193
7211
7219
7237
7247
7283
7307
7321
7333
7351
7393
7417
7451
7459
7481
7489
7507
7523
7537
7547
7559
7573
7583
7591
7607
7639
7649
7673
7687
7699
7717
7727
7753
7759
7793
7823
7841
7867
7877
7883
7907
